-9.6961 6.0031
11.9126 0.2844
-3.9586 0.0571
-3.6131 -1.3299
1.6446 -3.0697
-9.0433 -8.0838
-2.9757 -1.5796
13.4308 -6.4078
1.9012 0.9898
3.8303 13.9523
5.0872 -13.5993
12.0731 12.7478
-1.6641 10.1471
9.1554 -12.4768
-3.0097 -10.6289
-5.9980 13.9442
-11.9366 -0.8614
2.0477 -2.9345
-12.0474 14.9858
13.2536 14.7232
-8.5455 -3.6273
-12.9165 10.6254
10.3535 -5.7908
-10.3698 -10.9152
-1.0236 -1.5048
4.0050 1.5270
12.6938 -11.9153
-5.9177 -10.1685
-4.9541 8.2977
14.6444 12.1664
3.4623 -4.5704
1.8133 -5.3088
-8.7106 -14.2639
6.4083 -9.4719
2.4256 -2.2967
-5.8252 9.7008
-8.1712 0.9612
-11.4164 2.7869
-14.8359 -7.4642
-11.8511 11.4310
-12.3637 -11.4819
-12.3046 -14.2631
9.8731 7.7505
11.0997 -4.3717
1.4126 -5.8033
-2.1911 -4.9230
7.5028 -11.1719
4.3378 14.0717
10.0456 -0.3952
9.9611 -1.2335
-13.4433 -5.8060
9.4231 -1.9426
-1.2628 -3.6770
12.7862 -1.6708
-10.9576 3.2111
-5.8409 1.3993
-8.4231 -6.7810
2.4037 -2.9072
0.7342 -7.7304
-0.3590 -8.6563
-7.8508 -0.3552
14.1794 -2.6033
2.0225 13.7255
12.3410 -10.3646
-11.3434 13.9521
3.6516 -13.6317
-13.7518 -11.1653
7.4177 2.8700
6.5635 14.3714
-9.9743 -3.4045
-14.9068 -10.5998
11.0359 -13.4656
-3.8222 -3.1664
-9.2694 -5.1814
-6.3571 13.3735
9.2485 10.4104
1.3144 -5.4894
10.6681 11.3002
-12.3056 -4.7508
7.9678 -8.3861
-13.0906 13.2519
-2.0151 -8.8689
-6.3809 -6.7513
-4.9457 5.2904
-2.3968 -2.4411
6.4545 12.7566
0.0010 1.6180
-6.4949 -11.9261
3.1308 -6.4636
11.9180 -8.4783
-10.5275 -4.0486
-2.2423 4.0121
-12.4619 5.3652
-5.6185 -10.4815
1.0834 -0.2414
7.6813 3.9992
-10.1691 -12.6071
12.8948 -9.7445
12.4610 13.2627
-1.3758 4.7021
-9.4817 14.9322
-3.0352 -1.8724
6.2509 -7.6828
2.0216 10.0799
-9.1967 7.1895
9.0903 -11.4503
2.0714 -11.5321
1.9443 -7.9057
13.3358 -14.2242
-14.3227 -2.4526
-5.1067 -12.8976
-14.1409 13.6294
11.3870 -12.3588
-5.7587 -8.3837
-10.0409 -14.9818
5.8601 -13.2047
-9.8662 -0.1123
-4.9550 -6.4447
0.8873 -5.4918
2.7992 -8.8562
-7.6585 12.7408
3.2472 -9.8411
1.5873 8.1946
-8.0050 -4.3439
8.5893 -4.1758
5.0133 8.8812
2.3081 11.1067
2.8200 -13.0530
12.7958 -10.9223
5.8651 -6.3760
-3.3880 -10.0828
-1.4269 11.7016
-7.7966 4.6772
8.2156 -2.3270
-4.1140 -3.8989
14.8606 0.3645
8.4854 -8.5502
8.4557 -12.8100
14.4002 6.8720
-12.0785 13.4308
3.2995 2.8531
-7.8122 -4.0559
7.2954 -9.6312
-4.5309 -11.4911
-0.2401 -6.4099
6.3156 -7.6202
-0.4179 9.7604
-1.9278 13.9399
13.6711 0.5563
-3.9746 -10.7518
-7.3926 -7.5910
6.0345 -2.1229
14.4462 -12.5455
6.3805 -5.0904
-2.3371 1.3108
-0.7991 -10.4863
-0.4223 -6.8932
-2.1667 6.2789
4.6853 -9.4807
10.0423 -2.5631
-5.3138 11.8698
-13.2568 5.2057
-14.3871 10.2221
-4.6721 1.6648
11.5501 -2.6703
12.1918 4.0933
12.9679 10.6679
4.5504 -11.1339
3.1786 -11.2571
-3.2331 -0.1519
-12.0732 2.0426
-3.7511 -0.3917
-13.5485 -11.1940
1.4397 7.1365
-5.3889 -14.0578
-11.4476 10.3970
9.3777 -1.0644
-3.5727 13.0500
-14.2242 -14.6718
4.4436 2.8391
4.0062 11.4145
-5.1125 -6.1290
-2.0882 1.7742
2.3461 7.5845
14.8409 -1.2018
14.7162 -8.7824
11.6409 -14.3500
-0.6032 -12.1584
13.7011 12.3274
4.7021 -11.6739
-0.2366 -3.4966
8.4838 8.6970
7.7507 -12.3657
-10.4117 2.6852
-3.8739 8.5031
-9.1586 -13.0462
4.7463 0.9124
8.3069 8.5285
-13.6113 -11.5506
1.8281 -4.1388
-13.1015 11.5579
4.7190 14.1763
6.8529 14.8370
2.8639 14.6498
-5.2816 13.8386
-5.2888 -5.8023
-10.3357 0.5108
11.4451 14.0495
8.5723 -4.4885
12.7542 9.8653
-12.0690 -14.1708
11.3562 1.8014
10.5922 -10.6403
11.7569 -14.9803
9.0236 10.4168
12.6471 1.3493
9.8662 -1.3369
2.2637 -1.6573
4.9724 -13.0140
-5.9922 8.1920
-8.3963 2.1048
13.8136 -1.4576
12.1924 3.8538
13.8155 1.2740
-7.2726 12.7632
-7.2239 -14.3013
10.7171 5.9691
4.6620 -7.9622
11.6003 6.0247
-13.2325 -7.1534
-13.9480 -6.3701
4.4299 10.1380
-0.0762 -4.5662
-2.6667 -0.8467
1.3524 -3.1518
4.2455 7.9305
6.6719 -10.0938
-3.4801 -4.5053
9.2243 -5.7302
-5.5031 -14.1987
13.0580 -8.7591
6.5964 -2.6572
-10.3631 -13.7123
-7.9652 -2.3405
-4.7230 -4.8270
-10.1864 -13.8554
-10.7431 -7.9138
-6.3367 -13.6458
12.7111 -9.8725
8.3492 2.3729
10.5247 1.4197
14.0517 12.7828
13.1634 3.5330
1.8067 -14.3473
14.5076 -4.4434
14.2090 -1.0174
14.4285 -4.6051
6.9908 -9.1027
-11.0886 -2.7521
0.6712 -13.7441
-11.6148 -1.0660
4.2955 -7.8718
-10.6073 4.6769
-14.2329 -0.4695
10.9065 12.6608
-0.3310 -12.3285
-6.9541 -13.4325
11.9912 14.0732
-7.8256 12.9717
-12.8678 7.0956
7.0971 2.5823
0.5403 -13.2137
-2.9403 -4.8869
1.0740 8.0526
11.7694 -8.3270
-1.7544 7.6590
10.8961 14.6215
7.5009 6.6103
2.1590 -6.1109
4.3113 -10.2975
-6.0850 -12.6181
-7.2409 -8.5612
5.2385 -2.9363
14.3544 -3.4316
1.3484 11.8238
-0.2407 14.5117
7.2426 11.5491
13.1869 13.9179
-13.7159 -12.3626
-9.9884 8.5908
6.6822 -6.3797
-7.3199 -10.5662
-8.5125 9.8868
-13.8870 0.2105
14.7139 5.7195
-9.1898 -12.7053
7.8722 -13.3409
-10.3625 6.7206
-7.9320 5.9680
-2.6677 -10.1912
5.8448 5.2543
-10.0166 9.0835
-8.5467 5.8419
-6.2156 4.0617
10.8787 -13.9585
-11.0661 -1.1459
10.8728 3.1512
-3.5100 -3.6708
13.2399 2.2261
7.9760 0.3962
-8.7396 -5.1688
-11.9102 12.6159
4.3888 -9.7588
-4.2798 1.9227
1.1711 -11.9909
14.0543 7.6830
-5.1632 2.8697
-11.4731 -2.2746
4.3292 4.3580
-0.9987 -14.1985
-10.7631 1.7004
-1.1329 -12.5040
-0.3268 12.5707
2.4977 5.5158
-11.8905 -10.4819
-11.4119 10.2900
13.9644 -5.4126
14.6510 -5.2210
4.4837 -2.2518
2.9433 5.0986
-2.0268 -6.9398
14.6764 5.1081
3.0609 9.2571
-12.0041 6.9680
-2.2094 -2.9015
10.6567 -9.4490
7.9493 13.6778
13.6672 13.0905
0.9221 -7.9177
-11.2306 -7.0098
-5.4573 -0.1866
8.1446 -10.9457
2.5542 9.5865
10.8157 9.3496
-2.0454 12.4994
7.2131 6.7364
4.3372 3.3213
-7.5987 -5.4731
-14.9487 10.0035
6.3603 3.7375
4.4834 11.7501
14.1643 -0.9249
1.3013 4.7747
-6.1958 -12.8390
8.9047 3.7641
-8.9629 -5.4704
6.7046 1.8708
13.6649 11.8481
5.8124 -4.2905
-6.8541 11.5845
-9.1909 12.5896
-14.0098 8.2195
-1.7008 -10.3186
-8.5804 -5.9060
10.6080 -13.5155
-4.5511 14.2920
-6.7151 -3.8038
7.1055 -13.1221
12.9426 7.0349
0.2403 5.2696
10.6807 -11.8715
6.6592 13.7778
-10.0079 -2.5818
-1.8884 -8.5998
-13.0720 5.8582
3.7116 -0.3188
4.2853 5.8758
1.5520 -2.6283
-10.8799 1.1980
-10.6302 4.2326
-9.8172 4.1371
-6.5832 11.6205
-0.4350 -7.0071
6.1611 13.8382
-6.8006 10.0958
13.2574 13.3199
-3.6930 -14.7865
-8.1278 0.0467
4.7600 -1.4792
0.7215 -7.3670
0.6723 7.9453
14.2035 -11.2673
9.2760 -2.5003
11.0874 -0.0196
-10.0476 -1.6763
-7.7666 11.7891
10.8766 -3.2686
5.3302 -7.2814
